 8:00  s    0  0 0 0      156
 8:00  s    0  0 0 0      156
 8:00  s    0  0 0 0      156
 8:00  s    0  0 0 0      156
 8:00  s    0  0 0 0      156
 8:00  s    0  0 0 0      156
 8:00  s    0  0 0 0      156
 8:00       0  0 0 0      103
 7:59       0  0 0 0      110
 7:58       0  0 0 0      10F
 7:57       0  0 0 0      10E
 7:56       0  0 0 0      10D
 7:55       0  0 0 0      10C
 7:54       0  0 0 0      10B
 7:53       0  0 0 0      10A
 7:52       0  0 0 0      109
 7:51       0  0 0 0      108
 7:50       0  0 0 0      107
 7:49       0  0 0 0      10F
 7:48       0  0 0 0      10E
 7:47       0  0 0 0      10D
 7:46       0  0 0 0      10C
 7:45       0  0 0 0      10B
 7:44       0  0 0 0      10A
 7:43       0  0 0 0      109
 7:42       0  0 0 0      108
 7:41       0  0 0 0      107
 7:40       0  0 0 0      106
 7:39       0  0 0 0      10E
 7:38       0  0 0 0      10D
 7:37       0  0 0 0      10C
 7:36       0  0 0 0      10B
 7:35       0  0 0 0      10A
 7:34       0  0 0 0      109
 7:33       0  0 0 0      108
 7:32       0  0 0 0      107
 7:31       0  0 0 0      106
 7:30       0  0 0 0      105
 7:29       0  0 0 0      10D
 7:28       0  0 0 0      10C
 7:27       0  0 0 0      10B
 7:26       0  0 0 0      10A
 7:25       0  0 0 0      109
 7:25       1  0 0 0      10A
 7:24       1  0 0 0      109
 7:23       1  0 0 0      108
 7:22       1  0 0 0      107
 7:21       1  0 0 0      106
 7:21       1  1 0 0      107
 7:20       1  1 0 0      106
 7:19       1  1 0 0      10E
 7:18       1  1 0 0      10D
 7:17       1  1 0 0      10C
 7:16       1  1 0 0      10B
 7:16       1  3 0 0      10D
 7:15       1  3 0 0      10C
 7:14       1  3 0 0      10B
 7:13       1  3 0 0      10A
 7:12       1  3 0 0      109
 7:11       1  3 0 0      108
 7:10       1  3 0 0      107
 7:09       1  3 0 0      10F
 7:09       3  3 0 0      111
 7:08       3  3 0 0      110
 7:07       3  3 0 0      10F
 7:06       3  3 0 0      10E
 7:05       3  3 0 0      10D
 7:04       3  3 0 0      10C
 7:03       3  3 0 0      10B
 7:03       6  3 0 0      10E
 7:02       6  3 0 0      10D
 7:01       6  3 0 0      10C
 7:00       6  3 0 0      10B
 6:59       6  3 0 0      118
 6:58       6  3 0 0      117
 6:57       6  3 0 0      116
 6:56       6  3 0 0      115
 6:55       6  3 0 0      114
 6:54       6  3 0 0      113
 6:53       6  3 0 0      112
 6:52       6  3 0 0      111
 6:51       6  3 0 0      110
 6:50       6  3 0 0      10F
 6:49       6  3 0 0      117
 6:48       6  3 0 0      116
 6:47       6  3 0 0      115
 6:46       6  3 0 0      114
 6:45       6  3 0 0      113
 6:44       6  3 0 0      112
 6:43       6  3 0 0      111
 6:42       6  3 0 0      110
 6:41       6  3 0 0      10F
 6:41  s    6  3 0 0      162
 6:41  s    6  3 0 0      162
 6:41  s    6  3 0 0      162
 6:41  s    6  3 0 0      162
 6:41  s    6  3 0 0      162
 6:41  s    6  3 0 0      162
 6:41  s    6  3 0 0      162
 6:41  s    6  3 0 0      162
 0:59  s    6  3 0 0      165
 0:59  s    6  3 0 0      165
 0:59       6  3 0 0      112
 0:58       6  3 0 0      111
 0:57       6  3 0 0      110
 0:56       6  3 0 0      10F
 0:55       6  3 0 0      10E
 0:54       6  3 0 0      10D
 0:53       6  3 0 0      10C
 0:52       6  3 0 0      10B
 0:51       6  3 0 0      10A
 0:50       6  3 0 0      109
 0:49       6  3 0 0      111
 0:48       6  3 0 0      110
 0:47       6  3 0 0      10F
 0:46       6  3 0 0      10E
 0:45       6  3 0 0      10D
 0:44       6  3 0 0      10C
 0:43       6  3 0 0      10B
 0:42       6  3 0 0      10A
 0:41       6  3 0 0      109
 0:40       6  3 0 0      108
 0:39       6  3 0 0      110
 0:38       6  3 0 0      10F
 0:37       6  3 0 0      10E
 0:36       6  3 0 0      10D
 0:35       6  3 0 0      10C
 0:34       6  3 0 0      10B
 0:33       6  3 0 0      10A
 0:32       6  3 0 0      109
 0:31       6  3 0 0      108
 0:30       6  3 0 0      107
 0:29       6  3 0 0      10F
 0:28       6  3 0 0      10E
 0:27       6  3 0 0      10D
 0:26       6  3 0 0      10C
 0:25       6  3 0 0      10B
 0:24       6  3 0 0      10A
 0:23       6  3 0 0      109
 0:22       6  3 0 0      108
 0:21       6  3 0 0      107
 0:20       6  3 0 0      106
 0:19       6  3 0 0      10E
 0:18       6  3 0 0      10D
 0:17       6  3 0 0      10C
 0:16       6  3 0 0      10B
 0:15       6  3 0 0      10A
 0:14       6  3 0 0      109
 0:13       6  3 0 0      108
 0:12       6  3 0 0      107
 0:11       6  3 0 0      106
 0:10       6  3 0 0      105
 0:09       6  3 0 0      10D
 0:08       6  3 0 0      10C
 0:07       6  3 0 0      10B
 0:06       6  3 0 0      10A
 0:05       6  3 0 0      109
 0:04       6  3 0 0      108
 0:03       6  3 0 0      107
 0:02       6  3 0 0      106
 0:01       6  3 0 0      105
 0:00  s    6  3 0 0      157
 0:00  s    6  3 0 0      157
 0:00  s    6  3 0 0      157
 0:00  s    6  3 0 0      157
 0:00  s    6  3 0 0      157
 0:00  s    6  3 0 0      157
 0:00  s    6  3 0 0      157
 0:00  s    6  3 0 0      157
 0:00  s    6  3 0 0      258
 0:00  s    6  3 0 0      258
 0:00  s    6  3 0 0      258
 0:00  s    6  3 0 0      258
 0:00  s    6  3 0 0      258
 0:00  s    6  3 0 0      258
 0:00  s    6  3 0 0      258
 8:00  s    6  3 0 0      260
 8:00  s    6  3 0 0      260
 8:00  s    6  3 0 0      260
